[0, 0, 0, 0, 0, 0, 0, 0, 0, 0, 0, 0]

Abrazo
[0, 0, 0, 0, 0, 0, 0, 0, 0, 0, 0, 0]
[0.02, -0.02, -0.02, 0.35, 0.63, 0.23, -0.29, -0.68, -0.67, 0.2, 0.49, -0.88]
[-0.01, -0.03, -0.01, 0.33, 1.07, 0.23, -0.31, -0.44, -1.36, 0.2, 1.31, -1.19]

Lucha

[0.02, -0.03, -0.01, 0.32, -0.15, -0.13, 0.0, -0.44, 0.01, -0.04, -0.04, -0.1] ; 0.0001
[0.02, -0.03, -0.01, 0.32, 0.42, -0.14, 0.06, -0.83, 0.01, -0.04, -0.04, -0.1] ; 0.0001
[0.03, -0.03, -0.01, 0.32, 0.96, -0.14, -0.05, -0.77, 0.01, -0.04, -0.04, -0.1] ; 0.0001
[0.03, -0.03, -0.01, 0.32, 1.11, -0.14, 0.0, -0.09, 0.01, -0.04, -0.04, -0.1] ; 0.0001
[0.02, -0.06, -0.01, 0.34, 1.69, -0.18, 0.04, 0.22, 0.02, -0.05, -0.08, -0.12] ; 0.001
[0.02, -0.03, -0.01, 0.32, -0.15, -0.13, 0.0, -0.44, 0.01, -0.04, -0.04, -0.1] ; 0.0001
[0.02, -0.03, -0.01, 0.32, 0.42, -0.14, 0.06, -0.83, 0.01, -0.04, -0.04, -0.1] ; 0.0001
[0.03, -0.03, -0.01, 0.32, 0.96, -0.14, -0.05, -0.77, 0.01, -0.04, -0.04, -0.1] ; 0.0001
[0.03, -0.03, -0.01, 0.32, 1.11, -0.14, 0.0, -0.09, 0.01, -0.04, -0.04, -0.1] ; 0.0001
[0.02, -0.06, -0.01, 0.34, 1.69, -0.18, 0.04, 0.22, 0.02, -0.05, -0.08, -0.12] ; 0.001
[0.39, -0.0, -0.58, 0.29, 1.64, 0.29, -1.23, -0.2, -0.86, -0.12, 0.98, -0.11]

presentando algo

[-0.01, 0.55, 0.62, 0.35, 0.78, -0.14, -1.09, -0.47, -0.77, 0.54, -0.08, -1.0]


Baile 2

[-0.17, 0.31, -0.1, 0.35, 0.15, 0.18, -0.27, -0.02, -0.46, -0.18, -0.16, -0.37]
[0.08, -0.32, -0.09, 0.35, 0.6, -0.04, 0.05, -0.46, -0.19, 0.13, 0.19, 0.13]

Dinero

[-0.04, 0.06, -0.02, 0.35, 1.35, -0.37, -1.5, -0.53, -0.97, -0.12, 0.66, -0.14]
[-0.04, 0.05, -0.02, 0.35, 1.58, -0.24, -1.27, -0.49, -0.97, -0.12, 0.67, -0.16]
[-0.04, 0.06, -0.02, 0.35, 1.63, -0.11, -0.8, -0.54, -0.97, -0.12, 0.67, -0.16]

Baney

[0, 0, 0, 0, 0, 0, 0, 0, 0, 0, 0, 0] 
[-0.01, -0.01, -0.0, 0.35, 0.59, -0.19, -0.2, -0.07, -0.75, -0.2, 0.33, -0.01] ; 2
[-0.01, 0.0, -0.0, 0.35, 0.78, -0.04, -1.08, 0.21, -0.88, -0.1, 1.13, 0.21]
[0.03, 0.01, -0.0, 0.35, 0.72, 0.0, -0.89, 0.17, -0.31, -0.13, 0.83, -0.01]
[0.02, 0.06, -0.01, 0.35, 0.39, 0.14, -1.22, 0.11, -0.65, -0.11, 0.8, 0.21]
[0.03, 0.01, -0.01, 0.35, 0.94, 0.03, -0.9, 0.08, -0.36, 0.0, 0.86, 0.11]
[0.01, 0.02, -0.01, 0.35, 0.58, -0.02, -1.09, 0.03, -0.85, -0.03, 0.78, 0.19]
[0.05, -0.02, -0.01, 0.35, 0.6, 0.08, 0.28, -0.03, -0.81, -0.04, -0.32, 0.02]
[-0.04, -0.02, -0.01, 0.35, 1.02, -0.25, -1.3, -0.28, -1.07, -0.15, 0.96, -0.24]
[-0.04, 0.21, -0.02, 0.35, 0.8, -0.25, -1.3, -0.26, -0.9, -0.16, 0.97, -0.21]
[-0.04, -0.21, -0.02, 0.35, 0.75, -0.25, -1.29, -0.26, -0.87, -0.16, 0.97, -0.22]
[0.0, -0.06, -0.03, 0.35, 0.58, -0.14, 0.41, -0.03, -0.04, -0.05, 0.76, -0.0] ; 2
[0.04, -0.04, -0.03, 0.35, 0.46, -0.19, 0.34, 0.03, -0.81, -0.15, -0.37, 0.04] ; 2

Asombro
[0.43, -0.06, 0.05, 0.35, 1.77, -0.16, -0.47, -0.32, -2.02, -0.14, 0.46, -0.38]

Serio 
[0.00, -0.04, 0.05, 0.35, -0.19, 0.35, -1.25, -0.0, 0.1, 0.45, 1.22, 0.06]

